import greedytsp.GreedyTSP;

public class TesterMain {

    public static void main(String[] args) {
        System.out.println("Starting....");
        int[][] res = {{0, 21, 33, 22, 45},
                {10, 0, 316, 56, 76},
                {7, 18, 0, 45, 32},
                {17, 28, 34, 0, 28},
                {57, 18, 39, 67, 0}
        };

        int[][] asd = {{0, 21}, {332, 0}};

        int[][] moodle = {
                {0, 22, 6, 43, 483, 96, 29, 186, 254, 334, 430, 94, 55, 13, 243, 227, 36, 275, 418, 180},
                {22, 0, 257, 339, 264, 425, 70, 167, 496, 47, 20, 428, 7, 370, 206, 493, 373, 138, 184, 341},
                {6, 257, 0, 184, 71, 129, 303, 110, 376, 37, 163, 41, 100, 233, 247, 254, 460, 319, 360, 490},
                {43, 339, 184, 0, 124, 347, 412, 253, 173, 64, 170, 293, 175, 490, 485, 299, 33, 492, 236, 286},
                {483, 264, 71, 124, 0, 334, 461, 478, 257, 391, 16, 18, 8, 335, 72, 415, 251, 114, 399, 15},
                {96, 425, 129, 347, 334, 0, 269, 107, 499, 42, 491, 45, 424, 146, 125, 233, 117, 337, 152, 82},
                {29, 70, 303, 412, 461, 269, 0, 345, 375, 391, 230, 478, 119, 444, 49, 248, 137, 55, 389, 372},
                {186, 167, 110, 253, 478, 107, 345, 0, 170, 12, 357, 197, 128, 178, 326, 237, 7, 152, 339, 186},
                {254, 496, 376, 173, 257, 499, 375, 170, 0, 81, 376, 244, 47, 387, 108, 83, 489, 258, 100, 384},
                {334, 47, 37, 64, 391, 42, 391, 12, 81, 0, 311, 126, 475, 92, 29, 277, 62, 33, 58, 31},
                {430, 20, 163, 170, 16, 491, 230, 357, 376, 311, 0, 243, 312, 389, 85, 500, 404, 322, 417, 454},
                {94, 428, 41, 293, 18, 45, 478, 197, 244, 126, 243, 0, 243, 431, 410, 393, 495, 97, 321, 338},
                {55, 7, 100, 175, 8, 424, 119, 128, 47, 475, 312, 243, 0, 143, 114, 488, 312, 415, 336, 46},
                {13, 370, 233, 490, 335, 146, 444, 178, 387, 92, 389, 431, 143, 0, 90, 115, 499, 477, 405, 392},
                {243, 206, 247, 485, 72, 125, 49, 326, 108, 29, 85, 410, 114, 90, 0, 117, 256, 370, 150, 239},
                {227, 493, 254, 299, 415, 233, 248, 237, 83, 277, 500, 393, 488, 115, 117, 0, 112, 363, 250, 241},
                {36, 373, 460, 33, 251, 117, 137, 7, 489, 62, 404, 495, 312, 499, 256, 112, 0, 358, 454, 269},
                {275, 138, 319, 492, 114, 337, 55, 152, 258, 33, 322, 97, 415, 477, 370, 363, 358, 0, 295, 438},
                {418, 184, 360, 236, 399, 152, 389, 339, 100, 58, 417, 321, 336, 405, 150, 250, 454, 295, 0, 300},
                {180, 341, 490, 286, 15, 82, 372, 186, 384, 31, 454, 338, 46, 392, 239, 241, 269, 438, 300, 0},
        };

        System.out.println("the citys are visited as follows");
        int[] ans = GreedyTSP.greedySolution(moodle);

        System.out.println("\nAns");

        for (int i : ans) {
            System.out.print(i + "\t");
        }

    }
}
